camera_matrix:
- - 1111.4211209362666
  - 0.0
  - 675.2763598557091
- - 0.0
  - 1112.5664355265328
  - 475.9144833023488
- - 0.0
  - 0.0
  - 1.0
dist_coeff:
- - 0.04628012560152696
  - -0.3054634901848459
  - -0.0010358069502751442
  - -0.0004021712279938096
  - 0.5652648175750115
